intrinsic:
1009.7656349359506 0.0 629.1247127011864 
0.0 1014.7467181593427 362.4671756984587 
0.0 0.0 1.0 
distortion:
-0.004925280826918343 0.009103996466101497 -0.0003637904945543569 0.0042218635428220635 -0.44548653213105144 
