intrinsic:
1000.28858017426 0.0 637.0314201413667 
0.0 1003.1479795882577 357.53697170334334 
0.0 0.0 1.0 
distortion:
0.0037692801237073923 -0.03539439813487918 -0.0006697016470318219 -0.0010148555700167147 -0.1613158915475069 
