intrinsic:
258.086577853835 0.0 317.82152640563277 
0.0 257.19547194863645 226.4416493030779 
0.0 0.0 1.0 
distortion:
-0.21213498554585566 0.051408597423903114 0.0022662071976651747 -0.0035892248385365534 -0.0059497566961519525 
