intrinsic:
1009.7656355513477 0.0 629.1247124768432 
0.0 1014.74671880258 362.4671755859418 
0.0 0.0 1.0 
distortion:
-0.00492527663909149 0.009103975654547517 -0.0003637905097662546 0.004221863601922888 -0.4454865053380239 
