intrinsic:
2337.6544231879434 0.0 2171.039689242659 
0.0 2829.023883285514 1242.4595712867715 
0.0 0.0 1.0 
distortion:
-0.4995648397499436 -0.6362160538979312 -0.017532858503345825 -0.037954520197843386 1.8362673055970056 
