intrinsic:
254.52403194178052 0.0 325.5271979436526 
0.0 252.21595611631454 227.55542660297638 
0.0 0.0 1.0 
distortion:
-0.19215857348890758 0.04202607707702885 0.0024303616523015208 -0.0072591411251655665 -0.004049887162619997 
