intrinsic:
254.52403194167846 0.0 325.527197943613 
0.0 252.2159561162028 227.5554266029971 
0.0 0.0 1.0 
distortion:
-0.19215857348890716 0.04202607707699007 0.0024303616522904194 -0.007259141125141482 -0.004049887162610607 
