intrinsic:
258.0865778538373 0.0 317.8215264056297 
0.0 257.19547194863884 226.44164930307693 
0.0 0.0 1.0 
distortion:
-0.21213498554585514 0.05140859742390357 0.002266207197665578 -0.003589224838536917 -0.005949756696152076 
