intrinsic:
1000.288578986911 0.0 637.0314228383077 
0.0 1003.1479783300065 357.5369723931191 
0.0 0.0 1.0 
distortion:
0.003769270076095932 -0.035394294484693015 -0.0006697013811379501 -0.001014855061779955 -0.16131618229758335 
