intrinsic:
2337.6544154482954 0.0 2171.0396874023395 
0.0 2829.0238675342553 1242.4595677848267 
0.0 0.0 1.0 
distortion:
-0.4995648327650223 -0.6362160661419147 -0.017532857828609246 -0.03795451951007495 1.8362673176332613 
