intrinsic:
2337.654415450426 0.0 2171.0396874030343 
0.0 2829.023867539002 1242.4595677855193 
0.0 0.0 1.0 
distortion:
-0.4995648327668835 -0.6362160661387688 -0.01753285782874257 -0.03795451951029057 1.8362673176297608 
