intrinsic:
981.3892070540101 0.0 739.3917294599865 
0.0 965.0478511341416 373.37283630374617 
0.0 0.0 1.0 
distortion:
0.11086376493509013 -0.7965616686839903 0.0012834987422151558 0.0339845988651381 2.682100352868479 
