intrinsic:
927.5128164845081 0.0 684.2187421871197 
0.0 921.4487187138242 386.2082766488903 
0.0 0.0 1.0 
distortion:
-0.008793601655816136 0.11625129900427698 0.005483182304407613 0.02046368181946785 -0.7357009134534828 
